1 1023
2 1016
3 1008
4 1000
5 992
6 984
7 976
8 968
9 960
10 952
11 944
12 936
13 928
14 920
15 912
16 904
17 896
18 888
19 880
20 872
21 864
22 856
23 848
24 840
25 832
26 824
27 816
28 808
29 800
30 792
31 784
32 776
33 768
34 760
35 752
36 744
37 736
38 728
39 720
40 712
41 704
42 696
43 688
44 680
45 672
46 664
47 656
48 648
49 640
50 632
51 624
52 616
53 608
54 600
55 592
56 584
57 576
58 568
59 560
60 552
61 544
62 536
63 528
64 520
65 512
66 504
67 496
68 488
69 480
70 472
71 464
72 456
73 448
74 440
75 432
76 424
77 416
78 408
79 400
80 392
81 384
82 376
83 368
84 360
85 352
86 344
87 336
88 328
89 320
90 312
91 304
92 296
93 288
94 280
95 272
96 264
97 256
98 248
99 240
100 232
101 224
102 216
103 208
104 200
105 192
106 184
107 176
108 168
109 160
110 152
111 144
112 136
113 128
114 120
115 112
116 104
117 96
118 88
119 80
120 72
121 64
122 56
123 48
124 40
125 32
126 24
127 16
128 8
